636.09   305.77
804.45   420.56
794.89   383.81
716.66   316.46
629.46   431.67
790.07   323.05
819.77   347.8
848.64   268.61
673.9   322.42
733.9   316.88
898.13   352.75
923.7   409.34
853.59   357.7
684.49   298.31
650.55   415.41
740.61   378.84
788.01   349.72
685.31   444.31
840.82   328.05
927.83   472.36
942.89   446.29
811.25   397.94
684.08   432.6
808.28   336.96
876.69   304.08
789.25   343.68
748.22   383.26
778.53   331.3
783.97   367.6
907.37   358.53
721.61   418.74
784.48   342.16
800.84   415.05
942.15   389.02
839.51   377.86
658.75   249.64
697.6   222.42
819.26   265.94
764.81   207.65
727.71   301.36
793.04   275.96
695.05   332.21
773.08   239.66
613.38   283.21
725.9   205.18
709.56   203.37
805.75   49.11
736.79   243.29
733.16   241.47
607.94   158.0
731.34   183.4
829.34   223.33
756.75   323.14
627.9   236.03
624.27   201.55
633.35   306.81
691.42   266.88
729.53   239.66
582.53   364.88
711.38   263.25
506.31   241.47
687.79   292.29
711.38   279.58
805.75   328.58
575.27   174.33
787.6   355.8
593.42   236.03
736.79   158.0
653.31   230.59
832.97   254.18
662.38   255.99
713.2   241.47
764.01   114.44
662.38   156.18
695.05   181.59
640.6   210.62
791.23   243.29
780.34   274.14
673.27   288.66
758.56   228.77
675.09   243.29
738.6   190.66
616.32   362.98
675.33   166.51
684.37   178.56
601.36   310.38
529.23   262.91
527.41   329.64
811.1   287.65
613.15   239.78
697.93   196.63
668.99   279.5
568.61   179.95
771.37   127.3
638.59   235.99
743.92   293.55
705.91   290.29
834.22   282.75
597.82   176.6
667.91   244.68
